---
poses:
- x: 20.0
  y: 20.0
  heading: 0.7853981633974483
- x: 37.0
  y: 37.0
  heading: 0.7853981633974483
- x: -22.0
  y: 60.0
  heading: 0.0
- x: -55.0
  y: 60.0
  heading: 0.0
- x: -35.0
  y: 35.0
  heading: -1.2217304763960306
- x: -55.0
  y: 60.0
  heading: 0.0
constraints:
  maximumVelocity: 30.0
  maximumAcceleration: 15.0
  maximumAngularVelocity: 0.8726646259971648
  maximumAngularAcceleration: 0.4363323129985824
resolution: 250
