---
poses:
- x: -15.0
  y: 15.0
  heading: 2.356194490192345
- x: -47.0
  y: 47.0
  heading: 2.356194490192345
- x: -62.0
  y: 50.0
  heading: -1.5707963267948966
constraints:
  maximumVelocity: 30.0
  maximumAcceleration: 15.0
  maximumAngularVelocity: 0.8726646259971648
  maximumAngularAcceleration: 0.4363323129985824
resolution: 250
